pH,H3A,H2A,HA,A
0,0.993146943454469,0.006852713909836,3.42635695491792E-07,3.76899265040971E-17
0.1,0.991387684195801,0.00861177372516,5.42079039161241E-07,7.50680785361157E-17
0.2,0.989181686261762,0.010817456512578,8.57225659326447E-07,1.49447222305642E-16
0.3,0.986418318431122,0.013580326753168,1.354815709778E-06,2.97353400239264E-16
0.4,0.982961161340633,0.01703669894672,2.13971264609895E-06,5.91218667937196E-16
0.5,0.97864291338815,0.021353710293797,3.37631805118912E-06,1.17445406615884E-15
0.6,0.973259820119731,0.026734858210888,5.32166937874273E-06,2.3304542128917E-15
0.7,0.966565919286633,0.033425704445191,8.37626817146408E-06,4.61788654027388E-15
0.8,0.958267643937406,0.041719194546483,1.31615161024506E-05,9.13479077426908E-15
0.9,0.948019686026274,0.051959677454273,2.06365194345479E-05,1.80313870586275E-14
1,0.935423505976621,0.064544221912387,3.22721109561934E-05,3.54993220518128E-14
1.1,0.920030462529988,0.079919231294358,5.03061755837616E-05,6.96648950938344E-14
1.2,0.901352153224243,0.098569735524214,7.81112514075092E-05,1.36177789671418E-13
1.3,0.878881014754399,0.120998273597593,0.000120711647743,2.64936541890877E-13
1.4,0.852124202949912,0.147690306411205,0.00018549063837,5.12524559462741E-13
1.5,0.820652771823368,0.179064102969368,0.000283125206279,9.84852566331527E-13
1.6,0.784165665273128,0.215405562230489,0.000428772494505,1.87767145058549E-12
1.7,0.742563711536022,0.25679278213995,0.000643506320481,3.54768867841815E-12
1.8,0.696023045282844,0.30302098812059,0.000955966589932,6.63491555094573E-12
1.9,0.645051721080974,0.353544128489356,0.0014041504174,1.22689195457515E-11
2,0.590510496310839,0.407452242454479,0.002037261212272,2.24098733349964E-11
2.1,0.533581935352914,0.463500501806167,0.002917562800516,4.04029334508198E-11
2.2,0.475682557953413,0.52019517303227,0.00412226894245,7.18669158282098E-11
2.3,0.418328529911873,0.57592585419655,0.005745615765473,1.26104116744537E-10
2.4,0.362980403042985,0.629118229022213,0.007901367716481,2.18320721931366E-10
2.5,0.310899684029515,0.678374276498361,0.010726039099018,3.731058520741E-10
2.6,0.263045872197448,0.722571090553492,0.0143830366192,6.29858901368091E-10
2.7,0.220029167129667,0.760903086178113,0.019067745641003,1.05121617582552E-09
2.8,0.182117760226282,0.792868914787887,0.025013323249773,1.73605740157316E-09
2.9,0.149286148218446,0.818217197823706,0.032496651118418,2.8394308269078E-09
3,0.121285627094871,0.836870826954609,0.041843541347731,4.60278954825038E-09
3.1,0.097719485495795,0.848848650274949,0.053431856829916,7.39933945987819E-09
3.2,0.078110573965977,0.854198726871562,0.067690687361385,1.1801076055128E-08
3.3,0.061954874497128,0.852951961557956,0.085093145268769,1.86761460618643E-08
3.4,0.048759509757579,0.845100621673134,0.106139839242053,2.93272344238195E-08
3.5,0.038066645251525,0.830603382947526,0.131329926117763,4.56831860621143E-08
3.6,0.02946612218167,0.809416542496049,0.161117264766149,7.05561322437076E-08
3.7,0.022599926207683,0.781548820238433,0.19585114557998,1.07973903241559E-07
3.8,0.017161264701994,0.74713379429613,0.23570477741025,1.63591626479674E-07
3.9,0.012890469131973,0.70650918773541,0.280600097955178,2.45177438519418E-07
4,0.009569374515237,0.660286841551333,0.330143420775668,3.63157762853236E-07
4.1,0.007015341078296,0.609393589755073,0.383590537963567,5.31203063562744E-07
4.2,0.005075681887476,0.555064543268572,0.43985900800145,7.66842502166617E-07
4.3,0.003622920952566,0.498778757626829,0.497597229299905,1.09212069962053E-06
4.4,0.002551013581034,0.442142091654927,0.555305360413639,1.53435040018431E-06
4.5,0.001772426283582,0.386738378819699,0.611487067835636,2.12706108350835E-06
4.6,0.001215828392906,0.333980700951049,0.664800559375479,2.91128056642889E-06
4.7,0.000824113707038,0.284994335627155,0.714177613362081,3.93730372595415E-06
4.8,0.000552535079962,0.240551986081635,0.758890211737523,5.26710088024909E-06
4.9,0.000366850192706,0.201065631526284,0.798560540769979,6.97751103137311E-06
5,0.000241485350309,0.166624891713442,0.833124458567205,9.16436904423921E-06
5.1,0.000157788044677,0.13706393159369,0.862766332618566,1.19477430663136E-05
5.2,0.000102451295038,0.112038308445045,0.887843761747043,1.54785128735814E-05
5.3,6.61693824554324E-05,0.09109743990048,0.908816444117841,1.99465992238957E-05
5.4,4.2548064919597E-05,0.073744375801381,0.92618748487816,2.55912555392936E-05
5.5,2.72597132354185E-05,0.059479919709002,0.940460106621922,3.27139558399506E-05
5.6,1.7412760169254E-05,0.047831798309307,0.952109094370185,4.1694560337976E-05
5.7,1.1095817201206E-05,0.038371465302553,0.961564427260568,5.30116196778423E-05
5.8,7.05660964049662E-06,0.030721695790627,0.96920397969911,6.72679006219637E-05
5.9,4.48066476993456E-06,0.024557917905944,0.975352378936612,8.52224926734323E-05
6,2.84140189655059E-06,0.019605673086199,0.98028365430993,0.000107831201974
6.09999999999999,1.80001327959519E-06,0.01563596896882,0.984225933643631,0.000136297374269
6.19999999999999,1.13935617663388E-06,0.012459729152135,0.987366995656402,0.000172135835286
6.29999999999999,7.20700205594405E-07,0.009922103128228,0.989859922849438,0.000217253322128
6.39999999999999,4.55635392020219E-07,0.007897080076625,0.991828414650897,0.000274049637086
6.49999999999999,2.87933777976399E-07,0.006282633220548,0.993371534018544,0.00034554482713
6.59999999999999,1.81892711798558E-07,0.004996482705851,0.994567796372965,0.000435539028471
6.69999999999999,1.14871641976606E-07,0.003972481832049,0.995478590019575,0.000548813276734
6.79999999999999,7.25280603003294E-08,0.00315758575059,0.996150960080428,0.000691381640921
6.89999999999999,4.5783650638069E-08,0.002509340000949,0.996619806638532,0.000870807576868
6.99999999999999,2.88959290288255E-08,0.001993819102989,0.996909551494438,0.001096600506644
7.09999999999999,1.82343988285791E-08,0.001583946615732,0.997035322735197,0.001380712414672
7.19999999999999,1.15047629123812E-08,0.001258133609029,0.997003696078358,0.00173815880785
7.29999999999999,7.25762636882463E-09,0.000999179918899,0.996813019026348,0.002187793797127
7.39999999999999,4.5776002862044E-09,0.000793390431298,0.996453329632931,0.002753275358171
7.49999999999999,2.88668367239468E-09,0.000629866174954,0.995905866976116,0.003464263962246
7.59999999999999,1.81997754214387E-09,0.000499936815744,0.995142155856646,0.004357905507632
7.69999999999999,1.14715173678104E-09,0.000396707085801,0.994122634463465,0.005480657303583
7.79999999999999,7.22837026564682E-10,0.000314694738234,0.992794781788488,0.006890522750441
7.89999999999999,4.55296490640073E-10,0.000249541851804,0.991090693164616,0.008659764528284
7.99999999999999,2.86644652275217E-10,0.00019778481007,0.988924050349442,0.010878164553844
8.09999999999999,1.80359877816246E-10,0.000156671147081,0.98618644177704,0.01365688689552
8.19999999999999,1.13402041034601E-10,0.000124013784764,0.982743016221996,0.017132969879838
8.29999999999999,7.12376459828666E-11,9.80750754013254E-05,0.978427509929949,0.021474414923412
8.39999999999999,4.47002719407081E-11,7.74745845351282E-05,0.973036788403121,0.026885736967643
8.49999999999999,2.8009426358189E-11,6.11157724401743E-05,0.966325209357457,0.033613674842094
8.59999999999999,1.75204851080499E-11,4.81277121963223E-05,0.957999366384513,0.041952505885771
8.69999999999999,1.09359940089775E-11,3.78187660318333E-05,0.947714136334547,0.052248044888485
8.79999999999999,6.8080964068184E-12,2.96397671656968E-05,0.935071439093931,0.064898921132096
8.89999999999998,4.22465319626856E-12,2.31547530784278E-05,0.919623706913176,0.080353138329521
8.99999999999998,2.61125990939833E-12,1.80176933748478E-05,0.900884668742358,0.099097313561656
9.09999999999998,1.60638172320612E-12,1.39539719294621E-05,0.878350492873084,0.12163555315338
9.19999999999998,9.82614188703388E-13,1.07456359155923E-05,0.851534260564362,0.14845499379874
9.29999999999998,5.9703949460046E-13,8.21962778845778E-06,0.820015678469008,0.179976101902606
9.39999999999998,3.59933999145674E-13,6.23838196798145E-06,0.783505350997301,0.216488410620371
9.49999999999998,2.15048852384077E-13,4.69230485399902E-06,0.741918540725006,0.258076766969925
9.59999999999998,1.2718775489161E-13,3.49377064879745E-06,0.695447573777776,0.304548932451448
9.69999999999998,7.43844793582389E-14,2.57235804897078E-06,0.644616507231228,0.355380920410648
9.79999999999998,4.29786805590699E-14,1.87112227668203E-06,0.590299171446489,0.409698957431191
9.89999999999998,2.45169314325776E-14,1.34373986973294E-06,0.533685259326777,0.466313396933329
9.99999999999998,1.38026093529338E-14,9.5238004535239E-07,0.476190022676174,0.523809024943767
10.1,7.66876418166501E-15,6.66153745269464E-07,0.419318939040774,0.580680394805473
10.2,4.206242811475E-15,4.59984746244399E-07,0.364513346479333,0.635486193535916
10.3,2.27897021852461E-15,3.13752894183125E-07,0.313009662987989,0.686990023259115
10.4,1.2207814748136E-15,2.11586045147144E-07,0.265740057950929,0.734259730463024
10.5,6.47213755365065E-16,1.41220202396172E-07,0.223288745600925,0.776711113178872
10.6,3.39989009360832E-16,9.33929231497852E-08,0.185901961924397,0.81409794468268
10.7,1.77172301988962E-16,6.12695821773611E-08,0.153537661984844,0.846462276745573
10.8,9.16919805341498E-17,3.99190726980881E-08,0.125936160518481,0.874063799562446
10.9,4.71768012699685E-17,2.58569670381701E-08,0.102694594913763,0.89730537922927
11,2.41545889694079E-17,1.66666663888906E-08,0.083333331944449,0.916666651388885
11.1,1.23170779611644E-17,1.06993348866076E-08,0.067348322890228,0.932651666410438
11.2,6.25987179797728E-18,6.84564745682215E-09,0.054248100261528,0.945751892892825
11.3,3.17276736267101E-18,4.36804717550122E-09,0.043576999596417,0.956422996035536
11.4,1.60453120470529E-18,2.78097611180256E-09,0.034927480807944,0.96507251641108
11.5,8.09989192221314E-19,1.76737340200201E-09,0.027944627131632,0.972055371100995
11.6,4.08302931541934E-19,1.12158344115345E-09,0.022325520514862,0.977674478363555
11.7,2.05580185369685E-19,7.10935734318657E-10,0.017815595698496,0.982184403590568
11.8,1.03413087036941E-19,4.50219802791134E-10,0.014203474560074,0.985796524989707
11.9,5.19811692036672E-20,2.84901761569909E-10,0.011315275666883,0.988684724048216
12,2.61130695866302E-20,1.80180180147737E-10,0.009009009007386,0.990990990812433
12.1,1.3111832006117E-20,1.13897047702963E-10,0.007169394384079,0.992830605502024
12.2,6.58118704791294E-21,7.19703019987938E-11,0.005703262084863,0.994296737843167
12.3,3.30228050558456E-21,4.5463519339117E-11,0.00453558234216,0.995464417612377
12.4,1.65660618182608E-21,2.87123254743366E-11,0.003606105038803,0.996393894932484
12.5,8.30886116108281E-22,1.81296989614805E-11,0.002866557100573,0.997133442881297
12.6,4.16675173117528E-22,1.14458148204691E-11,0.002278330476428,0.997721669512126
12.7,2.08930179564238E-22,7.22520657147596E-12,0.001810590646972,0.998189409345803
12.8,1.04752147094365E-22,4.56049542258857E-12,0.001438739040675,0.998561260954764
12.9,5.25159787169695E-23,2.87832980216552E-12,0.001143169315354,0.998856830681767
13,2.63265279258222E-23,1.8165304268816E-12,0.000908265213441,0.999091734784743
13.1,1.31969849584687E-23,1.14636736090635E-12,0.000721595500948,0.999278404497905
13.2,6.61514214884759E-24,7.23416269362056E-13,0.000573268760314,0.999426731238963
13.3,3.3158157455447E-24,4.56498631832106E-13,0.000455417258465,0.999544582741079
13.4,1.6620001944214E-24,2.88058145889784E-13,0.000361784674073,0.999638215325639
13.5,8.33035264961677E-25,1.81765927787919E-13,0.000287397166412,0.999712602833407
13.6,4.17531320020409E-25,1.14693326577238E-13,0.000228301178625,0.99977169882126
13.7,2.09271193584947E-25,7.23699949075894E-14,0.000181354587727,0.999818645412201
13.8,1.048879628612E-25,4.56640830552359E-14,0.000144060442913,0.999855939557041
